# # timestep    SER index    acc    distance     dU  
# # acc= {0->phospho rejected, 1->phospho accepted, 2->dephospho rejected, -1->dephospho accepted} 
1735400.000000 119.000000 1.000000 0.997429 2.633059
1862200.000000 45.000000 1.000000 0.912812 17.552687
1998400.000000 82.000000 1.000000 0.918307 8.304963
2028600.000000 135.000000 1.000000 0.911952 17.346329
2035600.000000 143.000000 0.000000 0.929395 64.572769
2036600.000000 143.000000 1.000000 0.943872 25.974632
2126400.000000 147.000000 1.000000 0.999155 8.886427
2275800.000000 109.000000 1.000000 0.962672 33.583787
2357400.000000 109.000000 2.000000 0.928471 -5.797370
2357600.000000 109.000000 2.000000 0.884291 -6.427377
2397600.000000 109.000000 2.000000 0.886720 -11.127141
2568600.000000 135.000000 2.000000 0.971764 -10.645939
2738400.000000 117.000000 1.000000 0.929537 20.196981
2761600.000000 115.000000 2.000000 0.969535 -13.031961
2782800.000000 113.000000 1.000000 0.958987 22.426912
2890400.000000 129.000000 1.000000 0.997640 13.089225
2972400.000000 90.000000 1.000000 0.994128 8.320228
3290400.000000 82.000000 2.000000 0.948523 -6.179876
3310800.000000 87.000000 1.000000 0.879436 35.746708
3540200.000000 119.000000 2.000000 0.968749 -15.957258
3540400.000000 119.000000 2.000000 0.964425 -10.669477
3540600.000000 119.000000 2.000000 0.972811 -15.659346
3540800.000000 119.000000 2.000000 0.934015 -12.542980
3621800.000000 129.000000 2.000000 0.988068 -7.526196
3670800.000000 117.000000 2.000000 0.999130 -10.591909
4031600.000000 109.000000 2.000000 0.974530 -8.244793
4052800.000000 82.000000 2.000000 0.980046 -4.562580
4179400.000000 72.000000 2.000000 0.982139 -5.652025
4179600.000000 72.000000 2.000000 0.959101 -5.362116
4180800.000000 72.000000 2.000000 0.961606 -7.813557
4678800.000000 133.000000 2.000000 0.975156 -10.040013
4774600.000000 129.000000 2.000000 0.999951 -12.856355
4940800.000000 135.000000 2.000000 0.966878 -11.848495
5084200.000000 135.000000 2.000000 0.952195 -11.795663
5325400.000000 117.000000 2.000000 0.920688 -22.220310
5648600.000000 109.000000 2.000000 0.988129 -12.750452
5959800.000000 115.000000 2.000000 0.993833 -11.722103
6067400.000000 73.000000 1.000000 0.950632 12.861706
6101800.000000 119.000000 2.000000 0.990744 -8.458738
6176000.000000 119.000000 2.000000 0.977622 -8.431443
6562800.000000 113.000000 2.000000 0.977272 -10.706571
7244800.000000 119.000000 2.000000 0.994747 -11.904287
7467000.000000 119.000000 2.000000 0.981987 -9.983089
7608200.000000 127.000000 2.000000 0.993013 -12.252563
8282400.000000 119.000000 2.000000 0.983298 -12.808120
8623600.000000 82.000000 2.000000 0.963186 -10.224109
8690800.000000 109.000000 2.000000 0.897326 -9.060163
9193200.000000 119.000000 2.000000 0.992540 -11.423019
9381400.000000 109.000000 2.000000 0.972755 -9.406405
9676600.000000 87.000000 2.000000 0.996485 -8.464798
9727800.000000 127.000000 2.000000 0.956532 -13.595010
