# # timestep    SER index    acc    distance     dU  
# # acc= {1->phosphorylation, 10->change SER with SEP, -1->dephospho accepted, -10->change SEP with SER} 
0.000000 135.000000 10.000000 37.511442 -0.002094
50000.000000 150.000000 10.000000 35.997695 -2.637937
75000.000000 150.000000 -10.000000 31.399767 0.821392
100000.000000 144.000000 10.000000 32.724802 1.248848
300000.000000 135.000000 -10.000000 25.485705 -1.329042
350000.000000 72.000000 10.000000 26.813508 -0.147045
400000.000000 32.000000 10.000000 26.656193 -0.288531
425000.000000 87.000000 10.000000 28.533370 1.533851
500000.000000 144.000000 -10.000000 25.742572 -7.859826
550000.000000 32.000000 -10.000000 27.363789 -0.917338
575000.000000 133.000000 10.000000 28.508979 0.536466
600000.000000 87.000000 -10.000000 29.336122 -3.901271
700000.000000 150.000000 10.000000 32.212064 0.080121
725000.000000 127.000000 10.000000 27.238834 2.711218
1250000.000000 6.000000 10.000000 29.894296 -2.895379
1275000.000000 57.000000 10.000000 37.302547 0.493711
1325000.000000 32.000000 10.000000 31.450032 -0.240482
1375000.000000 115.000000 10.000000 26.259474 1.518596
1735400.000000 119.000000 1.000000 0.997429 2.633059
1862200.000000 45.000000 1.000000 0.912812 17.552687
1998400.000000 82.000000 1.000000 0.918307 8.304963
2028600.000000 135.000000 1.000000 0.911952 17.346329
2036600.000000 143.000000 1.000000 0.943872 25.974632
2126400.000000 147.000000 1.000000 0.999155 8.886427
2275800.000000 109.000000 1.000000 0.962672 33.583787
2738400.000000 117.000000 1.000000 0.929537 20.196981
2782800.000000 113.000000 1.000000 0.958987 22.426912
2890400.000000 129.000000 1.000000 0.997640 13.089225
2972400.000000 90.000000 1.000000 0.994128 8.320228
3310800.000000 87.000000 1.000000 0.879436 35.746708
6067400.000000 73.000000 1.000000 0.950632 12.861706
