1006200.000000 143.000000 -2.000000 0.950692 0.000000
1174400.000000 45.000000 -2.000000 0.964798 0.000000
1235000.000000 109.000000 -2.000000 0.976515 0.000000
1309800.000000 135.000000 -2.000000 0.992607 0.000000
1473400.000000 135.000000 -2.000000 0.991861 0.000000
1473600.000000 135.000000 -2.000000 0.996037 0.000000
1479400.000000 129.000000 -2.000000 0.954082 0.000000
1492400.000000 127.000000 -2.000000 0.990579 0.000000
1492600.000000 127.000000 -2.000000 0.896012 0.000000
1492800.000000 127.000000 -2.000000 0.906898 0.000000
1495200.000000 119.000000 -2.000000 0.963551 0.000000
1497600.000000 119.000000 -2.000000 0.839478 0.000000
1498000.000000 117.000000 -2.000000 0.980692 0.000000
1498600.000000 119.000000 -2.000000 0.963867 0.000000
1498800.000000 119.000000 -2.000000 0.929019 0.000000
1522600.000000 109.000000 -2.000000 0.912011 0.000000
1524200.000000 113.000000 -2.000000 0.945261 0.000000
1566200.000000 117.000000 -2.000000 0.962349 0.000000
1568400.000000 119.000000 -2.000000 0.972962 0.000000
1591600.000000 133.000000 -2.000000 0.744384 0.000000
1591800.000000 133.000000 -2.000000 0.803738 0.000000
1593400.000000 133.000000 -2.000000 0.946293 0.000000
1593600.000000 133.000000 -2.000000 0.881761 0.000000
1593800.000000 133.000000 -2.000000 0.829698 0.000000
1631600.000000 129.000000 -2.000000 0.969938 0.000000
1637200.000000 129.000000 -2.000000 0.895759 0.000000
1787400.000000 135.000000 -2.000000 0.960680 0.000000
1805800.000000 127.000000 -2.000000 0.976359 0.000000
1816200.000000 135.000000 -2.000000 0.967249 0.000000
1816400.000000 135.000000 -2.000000 0.750380 0.000000
1817600.000000 133.000000 -2.000000 0.811729 0.000000
1820000.000000 135.000000 -2.000000 0.969708 0.000000
1877600.000000 135.000000 -2.000000 0.974069 0.000000
1882000.000000 135.000000 -2.000000 0.871505 0.000000
1882200.000000 135.000000 -2.000000 0.954163 0.000000
1882400.000000 135.000000 -2.000000 0.913546 0.000000
1890400.000000 129.000000 -2.000000 0.996145 0.000000
1907000.000000 133.000000 -2.000000 0.926393 0.000000
1907200.000000 133.000000 -2.000000 0.886057 0.000000
1907400.000000 133.000000 -2.000000 0.959847 0.000000
1907600.000000 135.000000 -2.000000 0.860207 0.000000
1916600.000000 119.000000 -2.000000 0.961013 0.000000
1916800.000000 143.000000 -2.000000 0.955866 0.000000
1917000.000000 143.000000 -2.000000 0.907281 0.000000
1917200.000000 143.000000 -2.000000 0.925064 0.000000
1917400.000000 143.000000 -2.000000 0.890130 0.000000
1917800.000000 143.000000 -2.000000 0.960131 0.000000
1926000.000000 150.000000 -2.000000 0.959221 0.000000
1926600.000000 150.000000 -2.000000 0.962272 0.000000
1926800.000000 150.000000 -2.000000 0.938359 0.000000
1927800.000000 119.000000 -2.000000 0.948588 0.000000
1946000.000000 150.000000 -2.000000 0.921449 0.000000
1946400.000000 150.000000 -2.000000 0.971758 0.000000
1946600.000000 150.000000 -2.000000 0.926574 0.000000
1949000.000000 133.000000 -2.000000 0.991111 0.000000
1955200.000000 129.000000 -2.000000 0.992821 0.000000
1970000.000000 150.000000 -2.000000 0.936518 0.000000
1971400.000000 149.000000 -2.000000 0.919753 0.000000
1977200.000000 147.000000 -2.000000 0.931907 0.000000
1977600.000000 147.000000 -2.000000 0.972602 0.000000
1977800.000000 147.000000 -2.000000 0.955645 0.000000
1978400.000000 147.000000 -2.000000 0.911468 0.000000
1978600.000000 147.000000 -2.000000 0.779451 0.000000
1981800.000000 149.000000 -2.000000 0.998052 0.000000
1989800.000000 149.000000 -2.000000 0.803470 0.000000
1990000.000000 150.000000 -2.000000 0.886886 0.000000
1990200.000000 150.000000 -2.000000 0.993722 0.000000
1991000.000000 150.000000 -2.000000 0.881569 0.000000
2031200.000000 57.000000 -2.000000 0.933727 0.000000
2038000.000000 135.000000 -2.000000 0.912177 0.000000
2064400.000000 57.000000 -2.000000 0.900099 0.000000
2111200.000000 87.000000 -2.000000 0.791075 0.000000
2115600.000000 82.000000 -2.000000 0.992232 0.000000
2115800.000000 82.000000 -2.000000 0.924055 0.000000
2116000.000000 82.000000 -2.000000 0.809196 0.000000
2243600.000000 72.000000 -2.000000 0.978550 0.000000
2243800.000000 72.000000 -2.000000 0.878987 0.000000
2426000.000000 57.000000 -2.000000 0.838329 0.000000
2445800.000000 45.000000 -2.000000 0.840973 0.000000
2448200.000000 45.000000 -2.000000 0.970805 0.000000
2449600.000000 45.000000 -2.000000 0.982792 0.000000
2467000.000000 45.000000 -2.000000 0.973860 0.000000
2479000.000000 127.000000 -2.000000 0.999034 0.000000
2479800.000000 127.000000 -2.000000 0.904557 0.000000
2482000.000000 127.000000 -2.000000 0.905003 0.000000
2483200.000000 129.000000 -2.000000 0.914268 0.000000
2483400.000000 129.000000 -2.000000 0.840262 0.000000
2507000.000000 117.000000 -2.000000 0.969385 0.000000
2545600.000000 82.000000 -2.000000 0.996550 0.000000
2630000.000000 90.000000 -2.000000 0.995096 0.000000
2630200.000000 90.000000 -2.000000 0.936405 0.000000
2630600.000000 90.000000 -2.000000 0.979437 0.000000
2630800.000000 90.000000 -2.000000 0.914611 0.000000
2677400.000000 57.000000 -2.000000 0.985217 0.000000
2677600.000000 57.000000 -2.000000 0.902678 0.000000
2696600.000000 57.000000 -2.000000 0.874031 0.000000
2696800.000000 57.000000 -2.000000 0.894038 0.000000
2697000.000000 57.000000 -2.000000 0.968940 0.000000
2697600.000000 57.000000 -2.000000 0.852362 0.000000
2758000.000000 72.000000 -2.000000 0.978309 0.000000
2759400.000000 72.000000 -2.000000 0.955106 0.000000
2833000.000000 150.000000 -2.000000 0.975124 0.000000
2833200.000000 150.000000 -2.000000 0.935900 0.000000
2837200.000000 150.000000 -2.000000 0.971655 0.000000
2837400.000000 150.000000 -2.000000 0.970006 0.000000
2854600.000000 150.000000 -2.000000 0.962600 0.000000
2855000.000000 149.000000 -2.000000 0.825570 0.000000
2855200.000000 149.000000 -2.000000 0.906389 0.000000
2857000.000000 150.000000 -2.000000 0.964453 0.000000
2857200.000000 150.000000 -2.000000 0.988000 0.000000
2864600.000000 150.000000 -2.000000 0.974686 0.000000
2865400.000000 149.000000 -2.000000 0.859020 0.000000
2865600.000000 149.000000 -2.000000 0.715375 0.000000
2865800.000000 149.000000 -2.000000 0.984987 0.000000
2919400.000000 144.000000 -2.000000 0.970236 0.000000
2930400.000000 144.000000 -2.000000 0.940362 0.000000
3044000.000000 82.000000 -2.000000 0.980518 0.000000
3044200.000000 82.000000 -2.000000 0.892456 0.000000
3053800.000000 82.000000 -2.000000 0.865478 0.000000
3055000.000000 82.000000 -2.000000 0.934870 0.000000
3057800.000000 82.000000 -2.000000 0.925311 0.000000
3058000.000000 82.000000 -2.000000 0.985670 0.000000
3062000.000000 82.000000 -2.000000 0.901406 0.000000
3088400.000000 82.000000 -2.000000 0.784749 0.000000
3248200.000000 150.000000 -2.000000 0.823047 0.000000
3248400.000000 150.000000 -2.000000 0.734575 0.000000
3248800.000000 150.000000 -2.000000 0.825639 0.000000
3249000.000000 150.000000 -2.000000 0.788328 0.000000
3249200.000000 150.000000 -2.000000 0.879123 0.000000
3249400.000000 149.000000 -2.000000 0.869186 0.000000
3249600.000000 149.000000 -2.000000 0.888435 0.000000
3310600.000000 150.000000 -2.000000 0.809005 0.000000
3310800.000000 150.000000 -2.000000 0.956917 0.000000
3311600.000000 150.000000 -2.000000 0.966047 0.000000
3384200.000000 135.000000 -2.000000 0.953348 0.000000
3445000.000000 143.000000 -2.000000 0.932968 0.000000
3445400.000000 144.000000 -2.000000 0.864770 0.000000
3455800.000000 133.000000 -2.000000 0.993294 0.000000
3456000.000000 135.000000 -2.000000 0.816617 0.000000
3456200.000000 135.000000 -2.000000 0.970980 0.000000
3467200.000000 135.000000 -2.000000 0.984302 0.000000
3468800.000000 133.000000 -2.000000 0.875769 0.000000
3469000.000000 133.000000 -2.000000 0.992324 0.000000
3469400.000000 133.000000 -2.000000 0.992564 0.000000
3475800.000000 129.000000 -2.000000 0.862549 0.000000
3481600.000000 127.000000 -2.000000 0.984106 0.000000
3484600.000000 127.000000 -2.000000 0.939252 0.000000
3490200.000000 127.000000 -2.000000 0.855027 0.000000
3515000.000000 143.000000 -2.000000 0.873183 0.000000
3515200.000000 143.000000 -2.000000 0.930868 0.000000
3515400.000000 144.000000 -2.000000 0.860993 0.000000
3515600.000000 143.000000 -2.000000 0.901263 0.000000
3518000.000000 143.000000 -2.000000 0.972719 0.000000
3528600.000000 129.000000 -2.000000 0.997116 0.000000
3534800.000000 144.000000 -2.000000 0.937968 0.000000
3536400.000000 143.000000 -2.000000 0.942242 0.000000
3536600.000000 143.000000 -2.000000 0.930551 0.000000
3537600.000000 143.000000 -2.000000 0.993550 0.000000
3538600.000000 143.000000 -2.000000 0.758384 0.000000
3538800.000000 143.000000 -2.000000 0.810677 0.000000
3539000.000000 143.000000 -2.000000 0.888301 0.000000
3539200.000000 143.000000 -2.000000 0.934339 0.000000
3539600.000000 143.000000 -2.000000 0.976365 0.000000
3561800.000000 147.000000 -2.000000 0.772912 0.000000
3562400.000000 149.000000 -2.000000 0.853182 0.000000
3562800.000000 147.000000 -2.000000 0.982049 0.000000
3563000.000000 147.000000 -2.000000 0.958597 0.000000
3593200.000000 149.000000 -2.000000 0.917970 0.000000
3701200.000000 150.000000 -2.000000 0.968553 0.000000
3701400.000000 150.000000 -2.000000 0.860348 0.000000
3737200.000000 133.000000 -2.000000 0.980310 0.000000
3763000.000000 147.000000 -2.000000 0.924650 0.000000
3923600.000000 127.000000 -2.000000 0.982325 0.000000
3923800.000000 127.000000 -2.000000 0.963767 0.000000
3945800.000000 133.000000 -2.000000 0.941287 0.000000
3946800.000000 133.000000 -2.000000 0.943780 0.000000
3947000.000000 133.000000 -2.000000 0.905582 0.000000
3952200.000000 135.000000 -2.000000 0.899359 0.000000
3952400.000000 135.000000 -2.000000 0.779174 0.000000
3952600.000000 135.000000 -2.000000 0.787942 0.000000
3952800.000000 135.000000 -2.000000 0.718108 0.000000
3953000.000000 135.000000 -2.000000 0.976678 0.000000
3954800.000000 135.000000 -2.000000 0.912901 0.000000
3955000.000000 135.000000 -2.000000 0.841666 0.000000
4084600.000000 133.000000 -2.000000 0.986515 0.000000
4085000.000000 133.000000 -2.000000 0.939825 0.000000
4086200.000000 129.000000 -2.000000 0.994050 0.000000
4086600.000000 129.000000 -2.000000 0.984394 0.000000
4086800.000000 129.000000 -2.000000 0.918167 0.000000
4514400.000000 129.000000 -2.000000 0.945140 0.000000
4518800.000000 119.000000 -2.000000 0.973105 0.000000
4548600.000000 117.000000 -2.000000 0.939600 0.000000
4581000.000000 119.000000 -2.000000 0.921414 0.000000
4587000.000000 119.000000 -2.000000 0.998635 0.000000
4881800.000000 119.000000 -2.000000 0.972058 0.000000
4951200.000000 133.000000 -2.000000 0.969406 0.000000
4954600.000000 135.000000 -2.000000 0.914830 0.000000
4957400.000000 133.000000 -2.000000 0.982738 0.000000
